1850 -0.373 285.2 1360.6701
1851 -0.218 285.4 1360.6774
1852 -0.228 285.5 1360.6826
1853 -0.269 285.6 1360.6038
1854 -0.248 285.8 1360.4759
1855 -0.272 285.9 1360.3895
1856 -0.358 286.1 1360.363
1857 -0.461 286.2 1360.4252
1858 -0.467 286.4 1360.5888
1859 -0.284 286.6 1360.7838
1860 -0.343 286.7 1360.8507
1861 -0.407 286.9 1360.7596
1862 -0.524 287 1360.6601
1863 -0.278 287.1 1360.5949
1864 -0.494 287.3 1360.5958
1865 -0.279 287.4 1360.525
1866 -0.251 287.5 1360.4743
1867 -0.321 287.6 1360.392
1868 -0.238 287.7 1360.5172
1869 -0.262 287.9 1360.7239
1870 -0.276 288 1360.9422
1871 -0.335 288.2 1360.8798
1872 -0.227 288.4 1360.8126
1873 -0.304 288.6 1360.6326
1874 -0.368 288.9 1360.5145
1875 -0.395 289.2 1360.3911
1876 -0.384 289.5 1360.368
1877 -0.075 289.9 1360.3707
1878 0.035 290.3 1360.3149
1879 -0.23 290.7 1360.289
1880 -0.227 291.2 1360.3911
1881 -0.2 291.7 1360.5056
1882 -0.213 292.2 1360.2557
1883 -0.296 292.6 1360.363
1884 -0.409 293.1 1360.5357
1885 -0.389 293.5 1360.4404
1886 -0.367 293.8 1360.3222
1887 -0.418 294.1 1360.2886
1888 -0.307 294.3 1360.2513
1889 -0.171 294.5 1360.2416
1890 -0.416 294.7 1360.2694
1891 -0.33 294.8 1360.4789
1892 -0.455 295 1360.5198
1893 -0.473 295.1 1360.6568
1894 -0.41 295.2 1360.791
1895 -0.39 295.3 1360.6789
1896 -0.186 295.4 1360.5186
1897 -0.206 295.5 1360.3868
1898 -0.412 295.7 1360.3692
1899 -0.289 296 1360.3287
1900 -0.203 296.3 1360.31
1901 -0.259 296.6 1360.2519
1902 -0.402 297 1360.2758
1903 -0.479 297.3 1360.4372
1904 -0.52 297.7 1360.6931
1905 -0.377 298.1 1360.4411
1906 -0.283 298.6 1360.6826
1907 -0.465 299 1360.5331
1908 -0.511 299.4 1360.634
1909 -0.522 299.8 1360.5076
1910 -0.49 300.2 1360.4244
1911 -0.544 300.6 1360.3461
1912 -0.437 300.9 1360.301
1913 -0.424 301.3 1360.3048
1914 -0.244 301.6 1360.3951
1915 -0.141 301.9 1360.652
1916 -0.383 302.2 1360.8798
1917 -0.468 302.6 1360.9818
1918 -0.333 302.9 1360.9798
1919 -0.275 303.2 1360.7221
1920 -0.247 303.5 1360.5773
1921 -0.187 303.9 1360.4937
1922 -0.302 304.3 1360.4118
1923 -0.276 304.6 1360.43
1924 -0.294 305 1360.4739
1925 -0.215 305.5 1360.6308
1926 -0.108 305.9 1360.7053
1927 -0.21 306.3 1360.911
1928 -0.206 306.8 1360.7474
1929 -0.35 307.3 1360.708
1930 -0.137 307.7 1360.7525
1931 -0.087 308.2 1360.6502
1932 -0.137 308.7 1360.5477
1933 -0.273 309.1 1360.4793
1934 -0.131 309.5 1360.5474
1935 -0.178 309.9 1360.7352
1936 -0.147 310.3 1361.1074
1937 -0.026 310.5 1360.982
1938 -0.006 310.7 1360.9113
1939 -0.052 310.8 1360.9172
1940 0.014 310.9 1360.8817
1941 0.02 310.9 1360.8364
1942 -0.027 310.8 1360.7416
1943 -0.004 310.7 1360.5915
1944 0.144 310.6 1360.6589
1945 0.025 310.6 1360.8958
1946 -0.071 310.6 1360.8992
1947 -0.038 310.7 1361.1098
1948 -0.039 310.8 1361.2971
1949 -0.074 311 1361.1777
1950 -0.173 311.3 1360.9859
1951 -0.052 311.6 1360.7233
1952 0.028 312 1360.7769
1953 0.097 312.4 1360.6765
1954 -0.129 312.9 1360.6954
1955 -0.19 313.5 1360.824
1956 -0.267 314.1 1361.1796
1957 -0.007 314.7 1361.6236
1958 0.046 315.3 1361.5388
1959 0.017 316 1361.2545
1960 -0.049 316.8 1361.2515
1961 0.038 317.6 1360.9287
1962 0.014 318.3 1360.7477
1963 0.048 318.9 1360.6997
1964 -0.223 319.4 1360.7209
1965 -0.14 320.1 1360.7608
1966 -0.068 321.1 1360.9403
1967 -0.074 322.1 1361.0657
1968 -0.113 323.1 1361.1372
1969 0.032 324.4 1361.2187
1970 -0.027 325.5 1361.201
1971 -0.186 326.4 1360.9313
1972 -0.065 327.6 1361.0003
1973 0.062 329.2 1360.8129
1974 -0.214 330.2 1360.7268
1975 -0.149 331.1 1360.6949
1976 -0.241 332.2 1360.6751
1977 0.047 333.8 1360.8887
1978 -0.062 335.3 1361.2145
1979 0.057 337 1361.5999
1980 0.092 338.9 1361.6381
1981 0.14 340.2 1361.6817
1982 0.011 341.3 1361.2294
1983 0.194 342.7 1361.2121
1984 -0.014 344.3 1360.7888
1985 -0.03 345.8 1360.6314
1986 0.045 347.3 1360.6401
1987 0.192 349.1 1360.7812
1988 0.198 351.2 1361.1179
1989 0.118 353 1361.6417
1990 0.296 354.4 1361.5505
1991 0.254 355.5 1361.5162
1992 0.105 356.4 1361.3066
1993 0.148 357.3 1360.9411
1994 0.208 358.6 1360.7403
1995 0.325 360.3 1360.73
1996 0.183 362 1360.6746
1997 0.39 363.7 1360.8056
1998 0.539 365.8 1361.1743
1999 0.306 367.8 1361.4783
2000 0.294 369.4 1361.6586
2001 0.441 371 1361.567
2002 0.496 373 1361.6315
2003 0.505 375.3 1361.02
2004 0.447 377.3 1360.9186
2005 0.545 379.3 1360.7522
2006 0.506 380.93 1360.6731
2007 0.491 382.67 1360.5711
2008 0.395 384.78 1360.538
2009 0.506 386.28 1360.5567
2010 0.56 388.56 1360.8024
2011 0.425 390.44 1361.0743
2012 0.47 392.45 1361.241
2013 0.514 395.19 1361.3588
2014 0.579 397.11 1361.3959
2015 0.763 399.41 1361.4291
2016 0.797 402.81 1361.0082
